"TSS_distance"	"Correlation_increase"
0.7871115	0.0243363423755
2.773685	0.021911158563
4.6575105	0.022759006396985
6.539305	0.0241532017645
8.422233	0.023735589060173
10.246211	0.021812440227
12.158266	0.022500669982775
14.074873	0.0246301014728
15.844556	0.023138541890815
17.775274	0.021642161548125
19.631166	0.0224535697595001
21.495038	0.02115389840385
23.365033	0.018095199209
25.240123	0.019291270750575
27.109078	0.01956161953197
28.973696	0.0227890734395
30.848498	0.016814367520525
32.73288	0.020002518653475
34.619727	0.0204330867946
36.485141	0.01912190080725
38.344093	0.0192081554052
40.202215	0.021963283597
42.066476	0.0193963835595
43.916733	0.023576276319125
45.811044	0.022931006668485
47.6825785	0.022194410153925
49.5632455	0.022369740945075
51.40943	0.0218758797461
53.320453	0.020819824797725
55.174102	0.01663855477625
57.032096	0.021532460770125
58.887886	0.022640782891525
60.766576	0.021457242858265
62.684855	0.0185235061322
64.543599	0.0221006780254
66.378114	0.0174684325662
68.272004	0.02258674618925
70.172465	0.02122943860249
71.978751	0.0224822329845
73.822764	0.0172442923326
75.714059	0.0173710153855
77.59313	0.016309656343765
79.545706	0.0180779837665
81.3131225	0.01781514701159
83.236135	0.017012284126275
85.065662	0.02092414542684
86.96745	0.0225868906025
88.833991	0.02012546302655
90.7541525	0.01571747038725
92.59883	0.018876809575
94.4070935	0.019221264530825
96.314807	0.01735106355701
98.175289	0.0171856173953
100.070583	0.0194336209695
101.919478	0.0191160684309999
103.775547	0.021710870404
105.697881	0.0155232202105225
107.473989	0.016684198912
109.45354	0.0162157219095
111.3487815	0.017777507034102
113.18476	0.0162030292902735
115.040598	0.01705351187795
116.880637	0.013543725069395
118.74752	0.0126103309329
120.626128	0.012847309478375
122.480465	0.012789405778
124.3989335	0.00879111211732501
126.243507	0.0129837607362
128.060508	0.013385582594
130.031489	0.0120857539315
131.903824	0.00193928787282499
133.7362885	0.017925774311
135.68493	0.01213531290155
137.486202	0.0164422394959
139.353069	0.00938304212696001
141.213341	0.00800294246034999
143.0518675	0.0168470792877
145.060381	0.00725261883835002
146.887683	0.00890193119249999
148.651744	0.014670186053
150.6590125	0.0131947374027325
152.3427	0.00569993056654999
154.305116	0.0166395248385
156.071972	0.0124555692548
157.954817	0.01025794755065
159.977243	0.01215750396045
161.749616	-0.000634773712499981
163.521376	-0.000440470994844996
165.4310175	0.0155780920556
167.357744	-0.001762572652
169.189349	0.0094190138114999
170.9349685	-0.011615020179225
173.0168255	0.03748124738275
175.052627	-0.00397996394899996
176.65572	0.00662764719196499
178.21293	0.00521779842110001
180.418378	0.03941901894275
181.9092255	0.01609636877525
184.617301	0.0085401345308
186.505572	0.008973509051725
