"peaks_distance"	"Correlation_increase"
0.589327	0.00515380211199989
2.4004495	0.00525623265649999
4.06082525	0.00494230044749999
5.77059	0.0043822690219999
7.3972575	0.00475932023925008
9.04536275	0.004542084936
10.667616	0.0043461415985
12.30392025	0.00346221219424991
13.9233095	0.003700978671
15.52188775	0.00488207000900009
17.22690825	0.00449751627375
18.86025	0.00353623329050001
20.4474755	0.00330635597700002
22.135931	0.00331130878099994
23.69039	0.003446382774
25.3408215	0.00396653264600011
27.051828	0.00381055721799994
28.6278465	0.00526487836799994
30.315264	0.00480785444850007
31.885758	0.00395845660149996
33.61136025	0.0039673569155001
35.16249775	0.003314615238925
36.84646	0.00416866460999998
38.48402	0.00383934728250002
40.169139	0.00357640668100001
41.75690975	0.00377866872149996
43.3655245	0.00395826291849999
45.093445	0.00369121701149999
46.66558825	0.00392262996324999
48.3545865	0.00454630688249991
49.918974	0.00402792308599997
51.555972	0.00499809846500004
53.24591775	0.00390537015874998
54.88153175	0.00458340505800003
56.45795375	0.00285167606075004
58.1350665	0.00429842820175003
59.7950365	0.00366669703349998
61.442151	0.00265076078225007
63.02948125	0.00356187544349995
64.6611295	0.00313808053200004
66.324162	0.00258214943850005
67.982625	0.00218162406175004
69.664392	0.00179456977017502
71.2339745	0.00270299075549996
72.9259375	0.002683529588
74.4875705	0.002292865556
76.2182235	0.00197406204400002
77.780101	0.00231849502299997
79.4489445	0.0029506284245
81.078885	0.00177219013800001
82.74052	0.00144933080849996
84.3109005	0.00226472367475
86.0922915	0.00174676065949997
87.54137425	0.000449967624749914
89.264568	0.00132052090000001
90.9054445	0.00120426700300003
92.5066005	0.00218803403399992
94.152253	0.00334325969400007
95.78488	0.00313515247025004
97.4504975	0.0030033913655001
99.18464475	0.00209278623124998
100.7052275	0.00214628503600001
102.3878575	0.00143144005649998
104.02749075	0.000451869811749994
105.48812475	0.000655200156750024
107.1371035	-0.000790377981500001
109.00106775	0.00240303077975013
110.6525315	0.00215676483400007
112.1765435	0.00163696066350005
113.81529425	0.00179804050825
115.450905	0.00290122964899997
117.056515	-0.000216170245500025
118.8433905	-0.00296939832150001
120.386739	0.000537673086499935
121.91925475	0.00151427935625004
123.6590695	0.00132795214374998
125.383958	-0.000446955561499984
126.9792925	0.000394699308000068
128.5239835	7.63672619999989e-05
130.126728	0.000650700596499965
131.7844445	0.0010791282835001
133.5544465	0.000317703767499955
135.2258495	0.000363544425500018
136.682543	0.00153478924750006
138.464334	-0.000495297545499929
139.9266705	0.000875400938499915
141.59677825	0.000745489844999975
143.296398	0.00242069923325
145.07830075	0.000758870708499948
146.58137825	-0.000459494085249978
148.179769	-0.00366505767800013
149.929296	-0.002217257596
151.34638775	-0.00115477050924995
152.8258255	-0.00293811275599998
154.141552	-0.00569202867100005
158.339373	-0.000652152677000029
159.6884755	-0.00129379353350001
161.22301975	0.000756635359499935
162.47327575	-0.00203418626900004
