"co_accessibility"	"co_fluctuation"
-0.3573582346435	0.104224615737412
-0.174040822218975	0.101108495468559
-0.085728961312	0.0999390784399554
-0.02754034638465	0.0971246936282275
0.01736139322275	0.099277252170045
0.0543006623345	0.101010327893394
0.087120242361225	0.10170786027557
0.116218569107258	0.104075341270525
0.141850584141865	0.10461132904783
0.165588447124575	0.103825351264488
0.187366650957275	0.107785046098888
0.206957674266745	0.10265705546195
0.2259523766185	0.106404960251622
0.24392813622275	0.103577316632929
0.260959778915275	0.107485216377171
0.27680019781	0.103739177659732
0.292049243344725	0.111147562817625
0.3068849583005	0.103691743360418
0.3205321078665	0.106902323245663
0.33413770829675	0.105777529411536
0.34655355051875	0.110931137762655
0.3589420527035	0.1103269816598
0.370671378975	0.107806348094581
0.38208185756195	0.107933237323736
0.39342482867575	0.108841684470554
0.4042033797125	0.11002205270661
0.4146830562015	0.114918456039838
0.42469216736425	0.109752421116027
0.4345300240185	0.110098166380308
0.44420615835175	0.10848475780196
0.453701359917	0.1099304179235
0.4629583082695	0.110532809513341
0.47193944350425	0.11177895401125
0.480504980303	0.108098770144894
0.48892132930925	0.112558535478305
0.4973241401985	0.109354600143098
0.50525507285	0.109219437687697
0.51313518725425	0.110989758188615
0.520991167421	0.11237010666325
0.52869669328875	0.111955744715442
0.53609273271175	0.1081657056607
0.543409747923	0.11139905387855
0.550458864379	0.109517044484409
0.5574805913685	0.108651004219049
0.5643718198835	0.11011257893496
0.57105093967725	0.11176483598557
0.57766092158	0.110855110556422
0.584141915863	0.108646345603592
0.59059981671725	0.109689216221313
0.597017206311	0.107720574106457
0.60334573696225	0.108700881641074
0.6095249626185	0.110944363181637
0.615655345237	0.110444990892617
0.62169028825425	0.108838730128444
0.627443613825	0.1084378561836
0.63327180729225	0.114453725585575
0.63913140830725	0.112710140536173
0.64483908203225	0.108234057772522
0.65056481530525	0.110016501753155
0.65619832160575	0.110243380758536
0.66186453080475	0.109646989450738
0.66739039061	0.11221596546741
0.67283746034725	0.109982608161316
0.67826155924275	0.1085387641781
0.6836187240975	0.109638316798748
0.6889737608285	0.110933799768304
0.6943850573895	0.113777348244079
0.69987462814025	0.116779946879933
0.70519901030675	0.113166425736629
0.7106353126115	0.1140447470074
0.71592314557425	0.109804624193347
0.721270913336	0.10849612902585
0.7266731230885	0.1103348567577
0.732075441554	0.1106467556077
0.737306369682	0.111184981934567
0.7426528027415	0.1143531858281
0.747968037756	0.112198726776225
0.75338981008375	0.11318364508855
0.75896867336325	0.109185215074968
0.76451529474825	0.109352593047537
0.770072599451	0.111524197263203
0.77575944267375	0.110787771399053
0.7814617690035	0.112323942328547
0.787243669015	0.111969557496165
0.79315273822275	0.112052550288575
0.799233405923	0.116747772281953
0.8055306715485	0.11507403075215
0.811835338709	0.112994387178662
0.8184011527955	0.10840681415808
0.8251214931855	0.11258677694545
0.83190325439675	0.113423190362075
0.8391296487535	0.108771726189463
0.8467676426365	0.110681220001357
0.8548377654225	0.113893373100755
0.8633979449795	0.107425531374684
0.87298648733675	0.109970572732782
0.88356747288975	0.115534040722412
0.89593470183475	0.1107452395061
0.911387896168	0.110349888759578
0.93530567125425	0.121168909675909
