"Hic"	"co_fluctuation"
0.143061664036516	0.0133956045800001
0.345167808516825	0.0139432334116
0.424669335565875	0.019167818515775
0.505156764118172	0.0161262483455
0.564766638521082	0.0153109790917
0.597722602641023	0.016740540903675
0.629710238851345	0.019850052157925
0.649622021313813	0.02942969266345
0.680235768364047	0.02294025182215
0.703373069397011	0.0162935561185
0.729314660246731	0.01703811097747
0.75249020417992	0.022798861973
0.77740507086889	0.01951382560581
0.791694157038922	0.019429515083425
0.803320523578754	0.0240332377668501
0.823232887412546	0.0208669405805
0.839729375206388	0.014748676356555
0.852662944344569	0.02047299738915
0.86665648018751	0.02261657442795
0.878668259019509	0.0239677208208
0.88630738036437	0.017352385377425
0.901937578999015	0.018880621688675
0.921007196868366	0.0230468061503
0.934884599614256	0.0188289677047501
0.947249867591536	0.0205258297467
0.955771907756246	0.017264163773865
0.966953222181112	0.0137899556145
0.973601161384562	0.0188285868757125
0.981299770596252	0.0213396989216249
0.994011234752839	0.02552326846665
1.00502813939223	0.01952506937955
1.0171105867353	0.0242867826289
1.02883955402936	0.020184052252875
1.03871749975815	0.018002178278875
1.04963854179345	0.0241693347239
1.06064118955258	0.017699197099975
1.06904617419493	0.023518600462425
1.07856193504695	0.02066454810545
1.08772641788529	0.0254816865485
1.09695344028492	0.0143927495548
1.10304047058739	0.0207276049237
1.11282276437889	0.02137067034335
1.12470795635836	0.024159869616
1.13321626102918	0.02315421566175
1.14069184080581	0.01868282375556
1.15004994516238	0.02169730189566
1.15990090631386	0.018704322555
1.16966855723309	0.0135034994397765
1.17128315938211	0.0176779895572675
1.17788552663433	0.023917829111545
1.18768707452031	0.019313498372
1.19899229886263	0.018543678558525
1.20709284460401	0.0320254890905525
1.21646940633444	0.0191158221067
1.2247143045304	0.0185283932546
1.23422487150017	0.02046653625665
1.24390824693975	0.01977270762845
1.2555619382909	0.0158696129099
1.257398952787	0.0291119448871575
1.2644010308147	0.01853428528975
1.27383547389831	0.01979051122305
1.28442396556609	0.02224760542485
1.29543844178208	0.024339341926435
1.30647756864299	0.022889858746
1.31733716409829	0.0269692782535
1.32591262736047	0.0241018498308
1.33662181352233	0.022973553800747
1.34790544010683	0.028705118254
1.36014828926583	0.0248722780425
1.371497324188	0.01947206251805
1.38156900167277	0.023797729329575
1.39594898877008	0.0170979021977
1.4077230849197	0.0230150809253
1.4200969125345	0.020556698207915
1.43465591388098	0.02275306707147
1.44801104704428	0.02579781778795
1.46374372124706	0.02005476206384
1.47764571042375	0.0205742222007
1.49557174024747	0.0228922805763725
1.51040055646185	0.02399775468485
1.53165068485753	0.0166363084605
1.53912316573088	0.0227022605935
1.55783490440557	0.02354802179785
1.57617946758598	0.0273509421063
1.59904477354249	0.018927467286725
1.62440071114529	0.03002315919005
1.64725726083954	0.01990464325135
1.66735580949692	0.02495462576865
1.6978293532913	0.0243594756427
1.73878214349783	0.0221279295935
1.75556426217715	0.0207978580272501
1.81564614099935	0.0231785590705
1.89595762512386	0.024644299693
2.04036020685124	0.0160154958449999
2.1497477983688	0.01905935632125
2.26434952390104	0.02337520058235
2.59363397256006	0.0243606247815
2.86485805169032	0.0200584798240565
