"Genetic_distance"	"Correlation_increase"
0.444881	0.01046462897555
2.221507	0.0110086485215
3.638783	0.00236550230650001
5.003092	0.01136016358475
6.470168	0.01619670391925
7.8869665	0.013707718330775
9.391579	0.013738980484955
10.820736	0.000319475604000002
12.119964	0.01546795892445
13.78294	0.0143720513411
15.234106	0.0038227011525
16.505751	0.01138064765955
18.020142	0.00214757674299998
19.57631	0.010401954324
20.989659	0.00946230651549998
22.176309	0.00651952086934998
23.795871	0.0192805557383751
25.2542565	0.00521668205364999
26.673114	0.0124373813199
28.105717	-0.00184067655810501
29.6581405	0.0100455557238
30.921127	0.00253739714725001
32.514674	-8.70482380000148e-05
33.833434	0.013084960244
35.4051565	0.00755627151735
36.830457	0.00540191090145001
38.148855	0.00636782826100002
39.606273	0.0116728326209
41.139607	0.00771357042515
42.449109	0.00755341590549996
43.826285	0.00188280891250001
45.41596	0.00446967816586999
46.806786	0.011700390572158
48.376757	0.00587261253560001
49.757291	0.00723380673155
51.24946	0.00436711173955
52.663493	0.01294392960985
53.903811	0.00188947299719999
55.551851	-0.00465875514200004
56.991702	0.00282413441899998
58.45655	0.00115852806099997
59.783619	0.0071809534417
61.2985145	-0.00642151615015001
62.776035	0.00934940003100002
64.1140575	-0.0032847381537115
65.6034925	0.002400756327475
67.157659	0.000470272852500009
68.35875	0.00638365181662501
70.007046	0.00103366045329499
71.2642815	-0.00227703568874998
72.8475045	0.00494044545012502
74.369312	-0.00367018208949998
75.67579	0.00154624044749999
77.3427875	-0.00393908710265251
78.6961915	-0.00407612652129999
79.9919925	0.007811618505925
81.4559365	-0.00811216551624996
83.021101	-0.00290679211100001
84.212993	0.0126523364659775
85.7587735	0.00819684626202499
87.394859	0.0124643635568787
88.817665	0.00644755858250001
90.210705	0.00235501289450002
91.390228	0.000832789458799998
93.103197	0.00418105062849994
94.564654	-0.00711071642
95.817444	0.00554645489155001
97.5162905	-0.00848988453239998
98.888133	0.00336362964050008
100.3223595	-0.010637342788025
101.7394945	0.00635372198850001
103.138548	0.020727557047435
104.775154	0.00572380757909999
105.841263	0.012447073104425
107.484928	-0.010492950473575
109.009356	0.00313321642350001
110.543549	-0.00247618080249995
111.804843	0.00785465204844998
113.1510275	-0.00386345552457997
114.60562	-0.0028378483755
116.251796	0.00378037760950001
117.416483	0.000317073774999968
118.8702515	0.01673183276415
120.6262295	0.0016869219965825
121.6301585	0.00207113450382501
123.269828	0.000885986026250007
124.565457	0.00188191630607499
126.342446	-0.010494070147395
127.71957	0.0225936110340325
129.3269755	0.01194983550375
130.5696005	-0.00236027926104249
132.001353	0.0176696731225
133.342742	-0.00855135234299997
134.669706	0.01123426414715
136.817011	0.0143484282965
138.31803	-0.0309217300205
138.87148	0.0163948119245
140.745425	0.05406735860135
142.53795	0.000815041390000104
143.0463525	0.004799608789975
