"TSS_distance"	"Correlation_increase"
0.775416	0.0244914905745
2.7797285	0.02388422519725
4.661338	0.02044236645445
6.538517	0.0202015274065001
8.41519	0.0192399432425
10.244956	0.01929270618465
12.170295	0.02188332259925
14.083894	0.0204174129225
15.863187	0.020518430728275
17.774831	0.02051119505625
19.613193	0.0195836889905
21.482107	0.022022291166
23.3417015	0.01579441152355
25.238535	0.018489046744
27.0769915	0.0197862622484999
28.959569	0.0171708905915
30.820111	0.019188428188
32.730782	0.01910877117105
34.6106465	0.0160551361426
36.469891	0.0176737867397
38.320808	0.017465146595175
40.1923775	0.01892964683125
42.0413885	0.02264997611792
43.8775045	0.019509949698925
45.801563	0.019700952231
47.659975	0.01503810965
49.5187775	0.018866188766575
51.383225	0.0165118855325
53.273037	0.01805663263575
55.118008	0.0191708717420001
56.997453	0.0173590168797499
58.8635805	0.0132490294915
60.742185	0.014980397193
62.625554	0.0184890251087
64.497776	0.0162907376095
66.346503	0.0167932167125
68.22878	0.0186200266825
70.114327	0.021047487484
71.955598	0.0190911985952
73.7829065	0.018227521369725
75.67048	0.01861938768675
77.542667	0.01843760204545
79.515783	0.019689489251
81.289584	0.0265439524535
83.213361	0.01994703285835
85.037789	0.022051657313
86.898896	0.020423411356
88.813271	0.0170045538745
90.701448	0.022204469172
92.552074	0.0175858712144999
94.3553175	0.017393469490025
96.2918215	0.017786981612225
98.107286	0.0239297157805
99.995969	0.0130273742079
101.890511	0.017090831546
103.724967	0.0189593011205
105.626512	0.0172121337375
107.453073	0.01868495302725
109.354365	0.0206598506483
111.298486	0.0175614392315
113.0697065	0.01880214723812
114.928668	0.0211581384885
116.805681	0.0142308866917
118.7167285	0.0175031826815
120.608763	0.0103928096885
122.415334	0.018773822812
124.308471	0.02282600349955
126.177857	0.022242064750225
128.011035	0.0125700995954
129.953276	0.01601150959861
131.855806	0.0029934280558
133.667574	0.00345891520847501
135.655936	0.013254514606
137.315265	0.000356644849200005
139.33608	0.00770368004699995
141.08516	0.00567732923179998
143.0306005	0.00906078325025
144.879458	0.00957247726115006
146.819995	0.00349544383874995
148.6216955	0.00997619988474999
150.58646	0.00438644370060001
152.183478	0.000725460150850038
154.201235	0.00394877667122498
156.014377	0.025966713948
157.901148	0.00961453078300001
159.9360975	0.00263682847814999
161.591119	0.007750239243
163.436471	0.01911199052925
165.4203925	-0.00125312431969999
167.318967	0.0168073361539
169.035168	0.0293933383155
170.839896	-0.015236768343
173.010772	-0.015021710986
174.910429	-0.0049033814185
176.529619	0.020897548514
178.115197	-0.00281760681199994
180.3932345	0.0393345156087112
181.92025	0.0344419221006
184.552552	-0.01562314632425
186.38071	0.009745978400476
