"Genetic_distance"	"Correlation_increase"
0.501444	0.0212878247359
1.7891175	0.01953054355055
3.041655	0.01944983855355
4.408639	0.0172801684294725
5.55699	0.009881404477075
6.946111	0.02591745485865
8.196277	0.0210169048165001
9.3858775	0.0200690594613775
10.628255	0.01354350359545
11.866732	0.0193177450235
13.059699	0.0209804220875751
14.410022	0.02725669571618
15.5712125	0.015978708424975
16.8967265	0.0164743038313225
18.085948	0.0175760138617
19.366641	0.0174642018392
20.6416275	0.0057023581514425
21.9832655	0.01867601140685
23.1369045	0.02499445583595
24.353206	0.0223345915009
25.680304	0.01926299678875
26.937322	0.0234232606045
28.139114	0.0283329959665
29.381185	0.0189274120683
30.650527	0.00770416539910999
32.028828	0.00803925319350002
33.313537	0.0193457595381
34.464473	0.0116561619869
35.6624605	0.022402656659445
36.915216	0.0226682621982
38.1914125	0.033565407810075
39.422266	0.020199576672975
40.6979425	0.02238630005025
41.935327	0.0179964951954
43.217469	0.01810493554592
44.465881	0.02599121750825
45.533675	0.032228462824465
47.00107	0.016857727855775
48.116531	0.0160811739627
49.4538645	0.016334859781875
50.577511	0.030426554460911
51.916521	0.021823379824415
53.175385	0.0157014516215
54.335095	0.01104478052735
55.625417	0.00823544911479998
56.969091	0.02249678270715
58.110339	0.0245692056721
59.31963	0.023826745654985
60.607011	0.02160275704335
61.934824	0.00791569108464101
63.083194	0.0270704196665
64.4110325	0.0231475483851
65.762938	-0.000284503088000043
66.815561	0.0253887832865
68.25808	0.01337907640617
69.4359375	0.0102709901765
70.663685	0.0032734679242655
71.88025	0.02186880738325
73.261776	0.00977935422525
74.417005	0.026967888473475
75.788004	0.0173710153855
76.894122	0.00785033943200003
78.277316	0.023258995215185
79.459	0.0254596902591
80.746344	0.0186186666688
81.9202255	0.010006750166325
83.1006895	0.0205549193263
84.506297	0.02156118883205
85.744279	0.0300664071325
86.961359	0.0115681753195
88.3278325	0.0353057055907725
89.529342	0.00841263154325
90.83793	0.0189258898525
91.930457	0.016872016582
93.251877	0.02045917968775
94.31943	0.033398443519
95.800608	0.0294882332094999
96.972956	0.01242908820895
98.195552	0.0224361930445
99.503698	0.00533072990590001
100.6287215	0.02046567996425
101.909583	0.0224527766134
103.168874	-0.00362702089570001
104.321289	0.00154722262199997
105.881474	0.029304832792625
106.804901	0.0194812403095
108.245909	0.0298896451795
109.417748	0.00882512777250002
110.7765975	0.0116377256744225
111.830164	0.02848892831015
113.185456	0.039561241893
114.522242	0.0146632433326
115.5807325	0.015847378126525
116.957933	0.013741356247
118.242602	0.0308660257442
119.224823	0.0185034852003
120.468903	0.030366348301005
121.476883	0.039481762368905
122.717991	-0.011439764831
124.409741	0.0206412814103
