"Genetic_distance"	"Correlation_increase"
0.5787195	0.02517604507975
2.015801	0.020561730514
3.5072155	0.02259792855325
4.920799	0.0218074855928425
6.3523125	0.02151557056945
7.850481	0.0195917242445
9.233081	0.02557293331505
10.654677	0.0134070967518
12.043877	0.02664073920695
13.399781	0.0245386334005
14.8406745	0.01918930969085
16.268384	0.02307262862115
17.6615675	0.018601642274775
19.189871	0.0256567927735855
20.608014	0.02341667482786
21.8421425	0.019422248618475
23.340995	0.017278938377925
24.905934	0.0215424510474
26.1502355	0.02230537569483
27.6658815	0.02484579449715
29.016429	0.0361650390797792
30.4531185	0.013443694215725
31.890814	0.01365427039025
33.375526	0.0194683656785
34.6815775	0.021198622051621
36.0129215	0.016367581724275
37.5982535	0.0166237827258
38.962649	0.0179295927745
40.399839	0.01566234269045
41.766087	0.01942551483215
43.220439	0.028220825810025
44.708206	0.0226770785368
46.1020695	0.0133908443674
47.509552	0.02111098239518
48.840343	0.0198167431292
50.288724	0.02301828865035
51.719981	0.02119241950647
53.091877	0.0178161860303
54.537151	0.01053710381185
55.900413	0.01013692917305
57.129454	0.00816504078875004
58.9755305	0.0285544721029
60.2852705	0.021508171652425
61.587376	0.02510391813975
62.950658	0.018591093295875
64.4444905	0.024015908417875
65.793355	0.00935821321550001
67.322553	0.016412342074375
68.664799	0.02268330241225
70.10563	0.02422900579465
71.546952	0.02770793672625
73.044755	0.02016873524425
74.319971	0.0183339714061
75.6394385	0.0135173627832975
77.070612	0.018112213379
78.482657	0.02128153005475
80.121113	0.032430299371975
81.4507285	0.01948714467475
82.860074	0.016424392264275
84.1971725	0.0127618555706675
85.6734	0.018555960420875
87.097628	0.022630228223375
88.5368565	0.023022924779425
89.969661	0.025188556715175
91.3635435	0.0180794797365
92.805985	0.018106922287375
94.202764	0.012208837052775
95.675916	0.016444970348
96.949942	0.0218108525902
98.380302	0.02118029633717
99.734372	0.023673735665
101.32795	0.0123015027305
102.592443	0.0223289732385
104.006989	0.03734221585
105.51755	0.013988030174
107.0069235	0.019416417612
108.393547	0.02091301958775
109.79835	0.015277556818
111.211174	0.02391936319275
112.642037	0.01217603334575
113.92484	0.02325224176825
115.4468805	0.0153702509637501
116.7635335	0.015345914711925
118.267023	0.014467367367325
119.611702	0.0141300387788
121.0752225	0.02586248226405
122.440187	0.01870648225417
124.021667	0.016367296412125
125.128948	0.0031125821349075
126.8504365	0.022210667103525
127.942849	0.0258009502015
129.263684	0.026894741193945
130.834695	0.0101038702185
132.105164	0.00812968875645001
133.807629	0.0377356924955
135.3374625	0.0132013221385
136.565121	0.023366117949
137.9448	0.018420650753
139.771914	0.0145233747645
140.841024	0.0126692637835
