"Genetic_distance"	"Correlation_increase"
0.2153335	0.00158032139124999
0.85721	0.00118698437099996
1.446706	0.00368315822495
1.940126	0.00139023982795
2.625594	0.00347079902480002
3.094073	0.00383717877335
3.735185	0.00907766395440249
4.287126	0.01046951289655
4.810758	0.00517296722049998
5.444783	0.000984243528599993
5.9681965	-0.00557979057449998
6.5531565	0.011577353129525
7.120583	-0.00447634974332999
7.703924	-0.01116339276018
8.24536	-0.006732289056125
8.907311	-0.00414943291169999
9.412581	0.00549293122899996
10.007927	0.008161448962
10.5374665	0.006763599692875
11.150973	0.0077806937065
11.7100755	0.00566284177875001
12.2848765	0.01343498777675
12.898537	7.11017863000082e-05
13.3450995	0.0150667876063
13.8627295	0.00448028462642501
14.5352515	0.0289153515059025
15.144027	-0.0057586200336
15.6782915	0.0120700788661
16.265048	-0.0019219408521
16.956498	0.00466986297495001
17.355419	0.016016993138125
17.9973705	0.00537201644515
18.548873	-0.00673791070165001
19.1469135	-0.023754994100175
19.673532	0.00307880051644999
20.212371	-0.001267932820925
20.868747	0.015206625850225
21.506207	0.001394440257625
22.007935	-0.00993814276850002
22.684271	-0.00131933386950001
23.239385	0.00126351563265001
23.7149165	0.001205027764375
24.246246	-0.00421980172050002
24.8839735	0.013583304759075
25.4565905	-0.004755123238125
26.024268	0.00122506617519999
26.6501905	0.007547642947711
27.194863	-0.000737946784599985
27.749992	0.00437550699850009
28.374677	0.00384084860599998
28.830357	0.000135693497999995
29.4262585	0.00770882923449998
30.085478	-0.00273493571955
30.535802	0.006343723465994
31.171147	-0.00134787128749998
31.7195215	-0.00218147376625
32.3010215	0.00260503095174996
32.9511535	0.0064997395718
33.341717	0.00131143210250007
34.002628	-0.0055356895746
34.624257	0.006044692579735
35.180329	0.01300266385355
35.726745	0.00535186354100003
36.276409	0.011591084709
36.913685	-0.00810453424889999
37.4150075	0.0036344577355
38.021013	0.00238956578319999
38.632433	0.00544004970819998
39.143336	0.00345393785942499
39.700311	0.00384888683449999
40.27831	-0.00215003303299999
40.864687	0.00713823860499999
41.3987265	0.00906810119155
42.0877025	-0.01262155608
42.553711	-0.00810260534450002
43.102436	0.0087628280423
43.729074	-0.00749051793069001
44.304245	0.00515291015824998
44.9411205	0.0050471873039
45.221205	-0.00799562036850501
46.10426	0.00818058818714251
46.496699	0.01361832338365
47.018388	0.00354114661775001
47.791188	0.00854335175610002
48.24777	0.00150349474649997
48.980865	-0.000979056071600003
49.504874	-0.00441398170149998
49.949706	-0.01884603045663
50.618251	-0.00853421486375
51.123282	0.0239168781945
51.836843	-0.0117335835459
52.0985225	0.023376214376585
52.737736	0.00589175532999249
53.570363	0.031506280471
53.880587	0.0294145317345
54.70571	0.00784093020120501
55.133652	-0.000252475121449991
55.862406	0.000721034655549985
56.4036385	-0.00543460343416749
56.714403	-0.00733797761249999
