"TSS_distance"	"Correlation_increase"
0.777495	0.0353553169834593
2.7822745	0.0319775912096123
4.6553825	0.0319167537243503
6.53503	0.02907728979347
8.416211	0.029560840142504
10.243764	0.0295441846982457
12.159368	0.0297031019979078
14.080509	0.0330805718723823
15.857481	0.0300051209781893
17.767442	0.0293621667266607
19.608156	0.03010236390898
21.49282	0.0293306472188705
23.3440095	0.0277979977237451
25.2338555	0.0289599134976171
27.0670535	0.0295761657862436
28.963589	0.029953830245098
30.8422915	0.0290794048921238
32.740729	0.0296503898900695
34.6042875	0.0320653356756041
36.456941	0.0275691545203218
38.32731	0.0266561777199774
40.1807775	0.0244945704894538
42.057216	0.0261193620350705
43.885936	0.027658790255125
45.8079675	0.0257432167365881
47.670557	0.0280686297664141
49.5259	0.0239921466078624
51.386312	0.0259885206217988
53.29366	0.0259668691709982
55.1172675	0.0263043313337249
57.0089465	0.029413754484794
58.851766	0.025486819889623
60.747575	0.0298754399132319
62.645703	0.0287351157013278
64.495773	0.0286173520318629
66.353834	0.0227064847999598
68.2157345	0.0320076299423702
70.1249725	0.0309241708213974
71.969699	0.0287482752833026
73.790382	0.0299242693962658
75.6593125	0.0277992932924188
77.5325785	0.0289859573139021
79.496719	0.0287948122559101
81.276259	0.0306523238108845
83.183519	0.032780016046776
85.061201	0.027671564393786
86.907621	0.0248532843617081
88.792549	0.0266415301117896
90.698541	0.0268936076797735
92.533086	0.0299021685452194
94.3767015	0.0276586876260577
96.284075	0.0273404353138457
98.112977	0.0312352488333781
99.979342	0.0271858027690061
101.861516	0.0297383745832294
103.7153655	0.0338931712354549
105.613741	0.0352709046616764
107.4600705	0.0307007534891615
109.380764	0.0297973974437779
111.288423	0.0277592508218256
113.107706	0.032785466669367
114.92166	0.0299206392868394
116.785958	0.0222763947351064
118.716252	0.0226235707890581
120.638941	0.0231884285874843
122.4036715	0.0163958097061045
124.326256	0.0218822665923556
126.191357	0.0241427274239902
127.969054	0.0233363611042617
129.9435945	0.0272374659617558
131.8520365	0.0240223638694294
133.709705	0.0198381801925085
135.639857	0.0191490380969071
137.3818855	0.0234289775080062
139.297926	0.0196366182250493
141.082089	0.019786589474181
143.023789	0.0141514627906037
144.945779	0.0065453648017595
146.806572	0.0150454815173576
148.6426145	0.00980855260711079
150.58646	0.00348628656436746
152.17957	0.0059091955556399
154.2349025	0.00539216205777589
155.997749	0.00424714952990364
157.944903	0.003254781891465
159.951065	0.0064944711711464
161.559985	0.0165190220222568
163.5118775	0.0103574213595376
165.4203925	0.0134842559503376
167.340296	0.0170190729708488
169.086469	-0.00659308257291091
170.886715	0.0085513984303365
173.010772	0.0131345348903645
174.9207495	0.0104917681073111
176.5186565	0.0147160851973166
178.219493	0.00437454726844608
180.39014	0.0582532310526267
181.9195855	0.0381785477870242
184.519634	-0.008654900046807
186.132702	0.0930799074712282
