"Genetic_distance"	"Correlation_increase"
0.506385	0.0453313368288
1.760807	0.048363149545
2.960784	0.0547641012535001
4.14239	0.0465919535291
5.317712	0.041276337682
6.5212025	0.041719028633575
7.656767	0.0363786069615
8.833222	0.0295966983665
10.065407	0.0378522247055
11.224636	0.028623025633
12.332571	0.03576577120765
13.623362	0.0315870995689
14.772784	0.04500849897105
15.888138	0.0324233046765
17.1531585	0.033663529904325
18.3179065	0.03123633131165
19.447109	0.0275993860085
20.65743	0.0296322380086
21.9072485	0.023495546195475
23.057402	0.01839345002925
24.284275	0.01857431113344
25.420003	0.02256443753195
26.544511	0.0205071860779
27.764008	0.011512577098085
28.989483	0.01857225082385
30.0775755	0.01767129452952
31.3448015	0.01986118945825
32.439947	0.0194690315335
33.7032425	0.02787614692245
34.831378	0.018400032081575
36.1087975	0.0254002262187
37.286014	0.017616993145
38.3876365	0.015522649488
39.6520025	0.022517556078275
40.716167	0.020903760688
41.986025	0.014922175444625
43.129798	0.01539170588195
44.294878	0.0279242664667375
45.516489	0.023668454883925
46.690444	0.020358180305
47.797369	0.018858628985375
49.021187	0.01731604372
50.224885	0.024387803032
51.3428895	0.0196022110598025
52.6011515	0.0229965057474625
53.823289	0.0202658225048
54.9557885	0.024879132905425
56.09413	0.022330440959825
57.2626365	0.02118710723775
58.4164975	0.02382660897965
59.649492	0.02159015064045
60.858469	0.0225128999004525
62.030344	0.025468114642
63.219972	0.015237756669205
64.5030915	0.01930903548275
65.621021	0.019211538308175
66.715354	0.01689575718029
67.9022365	0.026699086422275
69.1561535	0.02988445224665
70.2901265	0.0131393773358
71.6347965	0.0276868661223
72.631242	0.02445919664925
73.851142	0.0207006963373
75.069082	0.020826176596075
76.27686	0.0211155108365
77.407965	0.0103282550787
78.5736285	0.00232405978588249
79.9612	0.014429384736275
80.877681	0.0164174888035
82.138111	-0.0018167335883125
83.368737	0.02195452554345
84.460968	0.01083622456915
85.704159	0.02345463843884
86.940314	0.0330592973282
88.0922705	0.02548073563695
89.130578	0.01606031440135
90.415493	0.02471182502235
91.575216	0.026339134701425
92.739525	0.01929163624725
94.033095	0.019266597741925
95.146004	0.021466474166
96.384112	0.031738123781725
97.510421	0.02786350282665
98.7540055	0.0324837028099
99.879582	0.0526436073455
101.103487	0.0195761870645
102.246196	0.023086110743
103.411552	0.03790912461015
104.443905	0.02657039060555
105.734741	0.0586888481205
107.187854	-0.018569439426
107.948896	-0.01741670646279
109.5082125	0.014412582304825
110.383664	0.00578661163309999
111.7771615	0.015236521907925
112.7515935	0.033457121835575
114.153035	0.017077392265575
115.152671	0.0247183444942
116.310495	0.026763403548719
117.3785075	0.0810524203086
