"Genetic_distance"	"Correlation_increase"
0.799124	0.0187995385338
2.845436	0.01950823019585
4.5967585	0.013892177332835
6.513717	0.0166046088335
8.46329	0.0156701665215
10.305008	0.01204349831
12.0750025	0.0144813179340775
14.088307	0.0131507749285
15.78755	0.018831781142
17.897842	0.0144640266145
19.617506	0.01759376883265
21.40614	0.012018648155775
23.461416	0.00107723575444999
25.186298	0.01813024085875
27.163944	0.0179940178805
28.9000725	0.013644639796325
30.884162	0.01496506292849
32.674883	0.016416752867
34.673548	0.00992050839719998
36.4513575	0.0180791937643998
38.383791	0.0122256685775001
40.253855	0.022338729647105
41.9154535	0.02032794693525
43.9128545	0.02936621204862
45.8772995	0.0214984401440275
47.6871875	0.02589578016495
49.6326175	0.02429071524755
51.337239	0.02172794066744
53.28326	0.01434029763545
55.3177895	0.00758264724800001
57.033743	0.013790952482
59.022876	0.0176192716307977
60.694828	0.01916704044035
62.738472	0.012979651711
64.488966	0.01330670939775
66.413615	0.00647971946960002
68.355497	0.0242482034825
70.1458965	0.01358276969025
72.0797645	0.01411812494105
73.854869	0.015892449869625
75.869147	0.010353532338
77.530351	0.01616011313925
79.53269	0.0159137353413
81.2916605	0.005806143567475
83.374282	0.0151545210861
85.0456045	0.011594743537525
87.108471	0.0152908630878
88.749791	0.0200615243994
90.754369	0.0175305790659075
92.5045445	0.020448313728025
94.536804	0.0128496807132
96.345232	0.01274741918
98.1021595	0.00692636121413749
100.173812	0.011381380134575
101.8562955	0.014666621261275
103.945182	0.01352077113475
105.6580545	0.01392614583915
107.452378	0.00415882207650001
109.535625	0.01713924545395
111.315388	0.015093809322
113.026345	0.01046852572935
115.142215	0.0147704954765
116.855747	0.00813861199700006
118.7358645	0.00377914203965
120.653799	0.00921052399234999
122.437554	0.0157714227869
124.417712	0.013570532024175
126.365054	0.01882146552475
128.059401	0.0228946027452
130.116624	0.01283252669515
131.839629	-0.0041121887345
133.535396	0.01573866293895
135.818183	0.0145617650183
137.4753215	0.012334497140125
139.176632	0.01512743666505
141.244087	0.0188100041385
142.999472	0.0214111310277
145.129946	0.0148863623215
146.854688	0.00919015660127499
148.5360225	0.019600175008675
150.701255	0.01687830903365
152.341319	-0.00445649048712501
154.508255	0.030812433954875
156.107768	0.0112593825875
157.761041	0.0150059952236
160.0255155	0.01654930348875
161.990865	-0.00948094999845003
164.061683	0.00784913520350006
165.429658	0.02118990189115
167.29679	0.00654102332750006
169.150769	0.00803764991514999
170.943712	-0.014384871311425
173.010772	0.0344166126915
175.0069165	0.0138535523933
176.667821	0.0105968584677
178.231534	-0.003423230759585
180.418378	0.03941901894275
181.9092255	0.01609636877525
184.617301	0.0085401345308
186.505572	0.008973509051725
