"Genetic_distance"	"Correlation_increase"
0.348735	0.018332755372675
1.398716	0.00963502317015
2.313286	0.00982342303849998
3.160536	0.001225803109925
4.187934	0.00128482258979999
5.067376	0.00742364868065001
6.018774	0.00711838131050002
6.873106	0.01549593424095
7.821114	0.023500264230325
8.786646	0.00950682100933249
9.6433905	0.00913785106781253
10.655413	-0.00206312866070002
11.587364	0.0097812340115035
12.5096125	0.013699895850325
13.284442	0.021097268048
14.2816975	0.00751855273950001
15.290926	0.00991529254049994
16.0187285	0.009304450434225
17.0454595	0.00706677080495001
17.918734	0.00953562754069998
18.838829	0.000767672216149998
19.792015	0.013351213959375
20.755269	0.017806141981915
21.676516	-0.00726961321450001
22.4496225	0.0104102055478
23.5281745	0.016017176028675
24.4951355	-0.0042505480914
25.342005	-0.00543234956819999
26.2718315	0.0205008301698537
27.156323	0.01515404143686
28.04514	0.0122830080769
28.899395	0.0115243076460575
29.976555	-0.0170141775985
30.8380995	0.022702258130725
31.672523	0.009531915198125
32.7276635	0.025703636463925
33.649879	0.00939686072340001
34.561796	-0.0013250661599
35.475458	0.0186776455465
36.449667	-0.00777933630835
37.405116	0.00127755914874
38.234607	0.0046691388425
39.104794	0.0218548116445
40.0236185	0.039849784069925
40.906755	0.01601238421615
42.019648	-0.00257941456155
42.7320025	0.0102662699332
43.776482	0.021991480233
44.740273	0.0204263518701
45.5321425	-0.0055481319968725
46.508473	0.0154922326649685
47.392027	0.00894950940175
48.43066	0.01415713778335
49.236156	0.001904818302725
49.9898675	0.01709988351633
51.032745	0.01677534566835
51.944938	0.016474023324925
52.8119825	0.04072887180055
53.9487275	0.00727710202954999
54.632539	0.017066609968625
55.6893855	0.015931069210315
56.567609	0.01688378702055
57.7293175	0.0140121857733
58.458598	0.0222787228928
59.449402	0.0101715068914
60.342392	0.00786883881539999
61.175644	0.02791236507425
62.068172	-0.00629111550550002
63.095341	0.02274354307025
64.136003	0.026442787790075
64.700664	0.00426553831650001
65.557815	-0.00433394756950001
66.8846925	0.016514246217275
67.428922	-0.0147748072755
68.621607	0.0249303560454
69.5564935	0.008355250109875
70.536137	0.0295437806116
71.30209	0.00938907093040001
72.215381	0.0029256505756
73.2727205	0.00382477578275003
74.0239685	0.00351062871049999
75.047134	0.016285266504105
75.972553	0.01445069129205
76.8962335	0.00625530247028001
77.825844	0.0180538188831
78.646895	0.01539280974685
79.771505	-0.00188699852155003
80.475011	0.000390137961500003
81.3757355	0.00461500766082502
82.46157	0.0189525404585
83.1952555	-0.00100856145035001
84.081515	0.030764875727
85.016369	-0.019677842349
86.364179	0.03547624178
86.843028	0.0012344633767
87.651148	0.01855982107905
88.789663	-0.0108067801638625
89.484915	0.0109318845621
90.959401	-0.00921721895245749
91.396754	-0.008061703042075
