"Genetic_distance"	"Correlation_increase"
0.398429	0.0148052373805
1.451196	0.03312935496185
2.476577	0.0298542290475
3.3676545	0.0269944804011157
4.44008	0.0360548271136
5.494573	0.0338124167495
6.418602	0.01996275942395
7.4514995	0.0247248361030001
8.5571305	0.02486742082985
9.414821	0.02370546404605
10.38133	0.04059089104235
11.4378	0.0258551786265
12.563779	0.039809470891
13.499067	0.03097289581015
14.455843	0.025135395921925
15.450347	0.043086889096725
16.572819	0.02265031898185
17.4676445	0.0167386659234225
18.52559	0.0264814331285
19.58459	0.02598729490205
20.482474	0.0244200293785
21.44055	0.026457170709535
22.483263	0.02330117377
23.398071	0.022632809620425
24.3369335	0.0258585739544125
25.465048	0.03229125639925
26.331678	0.0333321525965
27.351351	0.02435266473421
28.398085	0.0254642368565
29.481495	0.0315320974197
30.281228	0.01055785477245
31.481249	0.0583864501705
32.378591	0.0189062400662
33.401436	0.0437899643327
34.474078	0.0341614240665
35.373384	0.0260470109149
36.481524	0.0157128933645
37.4926785	0.023314341077775
38.463769	0.01201929250705
39.470043	0.01924772566865
40.352937	0.030167063935975
41.310292	0.030259769549475
42.46625	0.029395112908
43.353204	0.03099364026385
44.469083	0.025646313449
45.310346	0.0354491777651
46.402153	0.033777428683225
47.406471	0.03069291466131
48.421866	0.03477507278
49.3219	0.028662328614475
50.324361	0.0344759536972
51.481047	0.037672309174
52.2682395	0.052513244383
53.4301755	0.03918945588742
54.2855595	0.00932952495327501
55.378446	0.01524048766895
56.337639	0.03023375800415
57.536241	0.0462766926436
58.4613765	0.0328634307522
59.4231885	0.05359195842559
60.455684	0.032918167201065
61.426208	0.0421100559141
62.266423	0.041486574627605
63.319233	0.0276980539095
64.24042	0.0238439939307
65.358065	0.0206246768356
66.443893	0.028228266704775
67.334665	0.0377593697366
68.391172	0.009331214526
69.363782	0.0217410851636
70.476126	0.0156122697945
71.2451355	0.02841780940745
72.339886	0.02688959322685
73.285717	0.0507787041586725
74.2132875	0.0323651321854
75.309091	0.0355209388102775
76.280791	0.0121376417199
77.34969	0.0338242344438225
78.248995	0.03286369752295
79.537209	0.03536725787935
80.1934495	0.0017397435324
81.2793485	0.023143247607
82.446018	0.0202924633743
83.469347	0.0284789658265
84.111839	0.00919553617769998
85.304825	0.00980685448805002
86.384697	0.030928212954
87.344322	0.012005027642825
88.277267	0.0298762819052
89.399686	0.00697851842784999
90.343125	0.0322567000172
91.359142	-0.00161037882450002
92.511367	0.0319924170878225
93.124031	0.0375247557771
94.170008	0.022055023651585
95.176712	0.03334860287935
96.180338	0.049415913444675
97.000501	0.01660250974095
98.181238	0.042871983240335
99.3087695	0.032216665379525
