"Genetic_distance"	"Correlation_increase"
0.477076	0.094202988137775
1.625427	0.079471863176
2.897311	0.0789902896875
4.018488	0.0727633003352
5.240712	0.084952721388
6.389478	0.09097780152755
7.5941275	0.076953856333925
8.742072	0.0759060107564999
9.8903965	0.081310697324075
11.0921195	0.078496796103625
12.358826	0.08401108130135
13.484274	0.08043015036245
14.655872	0.0758407713547525
15.841132	0.0714403270041
16.994785	0.07877890949295
18.2690365	0.079863881149175
19.456025	0.0791399804781
20.6190825	0.0765392039854875
21.839797	0.0944939597463425
23.006144	0.084795760207575
24.206795	0.06842696096
25.256269	0.0817360940765
26.542315	0.080079101075
27.619238	0.0804209099860001
28.846137	0.09229452976215
30.050441	0.0809405819158
31.1716975	0.0728356950309501
32.388955	0.080998924455275
33.604618	0.089434526803125
34.843856	0.071068328143
35.944774	0.07295996740915
37.062579	0.084253894032325
38.249151	0.075698327201
39.454032	0.0851379386345
40.646507	0.066518760366125
41.820561	0.072476282168
42.9317585	0.0780313077922
44.243093	0.062987105153
45.282921	0.073554005496
46.4844005	0.0719822749630125
47.745453	0.064383475924025
48.900528	0.082924623372165
50.105599	0.0753942430611
51.1279785	0.06847274377717
52.409003	0.058678087966075
53.557334	0.08154964667879
54.6056015	0.0777098546353
55.908534	0.0669693711725
57.087405	0.0847791300559
58.112997	0.0659744285455
59.36383	0.068973863046675
60.518333	0.06388781344235
61.699309	0.0778642534465
62.979088	0.0829583603545
64.043636	0.05821448724355
65.218214	0.0738334605779
66.399175	0.07080586932015
67.686422	0.073515451601
68.795979	0.0829664667199
70.013948	0.0891415133101
71.2478645	0.07783248733745
72.401612	0.0925685988679
73.600092	0.07662639399795
74.7064995	0.057068854623705
75.9402815	0.066592681176565
77.167552	0.08531240368257
78.166308	0.13323134650945
79.448471	0.078800204186
80.7366625	0.06092882644685
81.83873	0.080067115097
83.058986	0.0849276447175575
84.245154	0.081908483675
85.355255	0.08816316260485
86.5559905	0.06614560823241
87.6590375	0.089190946389
88.75692	0.0793689051287
90.034866	0.07272249005045
91.305566	0.0806069802329
92.505402	0.08744724514484
93.5025	0.0833498577438
94.685126	0.0659262119593
96.058538	0.05299637754325
97.0561805	0.0547541751573
98.454084	0.073558839087375
99.51354	0.0960795094805
100.5700635	0.06123519768865
101.806276	0.08122051935355
102.845158	0.07758669174795
104.003974	0.076630074984775
105.26523	0.10350480214985
106.673691	0.0914975359629
107.6081605	0.0887487268286
108.69385	0.0523275106533
110.035903	0.060691968282
110.742226	0.0730783754222
112.2150585	0.101579377352
113.7204335	0.059521056409275
114.5589745	0.040654909624875
115.70368	0.06317762548755
117.310122	0.08927115852005
