"Genetic_distance"	"Correlation_increase"
0.627815	0.021611832911345
2.1612105	0.0192352886002175
3.636846	0.01688166848735
5.2228435	0.021507589305875
6.703175	0.02157864413915
8.047239	0.0226411323060001
9.6207995	0.02277886379785
11.086971	0.0135575801107325
12.58099	0.01708903738925
14.040746	0.017781393189
15.4037695	0.022303127707375
16.987738	0.015747787040825
18.5235205	0.0245861938022
19.929802	0.016195081130975
21.5049785	0.018178680183175
22.8702395	0.01997443040615
24.379569	0.017963497743
25.80068	0.01548926840565
27.359159	0.00761554917385002
28.8736985	0.0193892959395
30.246162	0.018243708233315
31.746717	0.02576598417075
33.272387	0.0176647782035
34.789146	0.0132585175079999
36.3065	0.014298601176
37.7487415	0.01453332790634
39.141277	0.01470226522445
40.711239	0.019862389244
42.160492	0.02700173060965
43.5257285	0.02369960211233
45.084279	0.022917494394075
46.590345	0.016537407585
48.0408625	0.01362608891675
49.500714	0.0124764419871725
50.984662	0.00679961695469999
52.581495	0.0172579236185
53.894314	0.01808617999726
55.306876	0.011469767370575
56.955929	0.015454568958
58.431145	0.0147585222261
59.962686	0.0192773150845
61.304246	0.01108232474065
62.8546505	0.00896104763525001
64.395501	0.01992258174605
65.81303	0.01632118537895
67.219958	0.0196909826842
68.8218	0.0140940369698
70.254948	0.01607787301005
71.690415	0.0156449732995
73.061039	0.0110079721351175
74.561342	0.0225316617302275
76.245792	0.0143743991352
77.59322	0.004470320455745
79.126016	0.01360889168575
80.5821575	0.0111540145232
82.078313	0.0215452690038375
83.60798	0.013669790559
84.82991	0.01185184036035
86.488256	0.010385866220775
87.9437775	0.005941185177475
89.571585	0.012823056628
90.943748	0.0121748459906
92.379608	0.0124200293034999
93.862395	0.0214628507155
95.3061295	0.0250087585815
96.764885	0.013819969040185
98.4671245	0.01481037692325
99.770718	0.01877293166155
101.281262	0.0225158038105
102.817492	0.012371160873
104.3172125	0.0204805816436775
105.815168	0.01028396090585
106.971592	0.0173179239948
108.619833	0.02021143437685
110.107584	0.01834788852642
111.602004	0.0201723101081
113.18972	0.0122683294185
114.384711	0.01548704244215
115.9393045	0.0205831271799075
117.469882	0.012454449708
118.976573	-0.00105082884407751
120.542622	0.01484159515595
121.669419	0.006489695768265
123.328964	0.021079067702055
124.89863	0.011676436065
126.327565	0.00464788920774001
127.863531	-0.000220581710749998
129.265168	0.01356429052651
130.829608	0.00695444851779997
132.122315	-0.000561228965700006
133.8898195	0.00821935963139249
135.226291	0.0253910502065
136.601111	0.02288698089435
138.3488595	-0.013275148910625
139.656775	0.0147073683896
141.186161	0.00166619893184999
142.9109265	0.012876246394055
144.121418	-0.0244506465995
145.318731	0.0335823122736525
147.2047475	0.00619352765065001
