"Genetic_distance"	"Correlation_increase"
0.370007	0.00743419538572502
1.309847	0.0143793965735
2.252234	0.002101363537575
3.173497	-0.000533722723500052
4.130767	0.00502018511550001
4.9663265	0.00668734149307498
5.912941	0.012930635790575
6.900374	0.00606905105860001
7.752692	0.00253683931794998
8.706141	0.01109239248965
9.582434	0.001528040054455
10.55331	0.010835038883
11.394081	0.01464561240665
12.3888425	0.00480899738075
13.246253	0.0109312060410001
14.180321	0.00539148292639999
15.153139	0.00571941299149999
16.0638235	0.009776175805875
16.950466	0.0028503938861
17.847461	0.00597663340000001
18.791301	0.00428455862539999
19.668161	0.016827211643
20.564191	0.00785381271887248
21.496369	0.005673338122965
22.375798	0.00811602429995001
23.189002	-0.00954638049395
24.151937	0.000167497224649996
25.06471	-0.000625236848500021
26.0206735	0.00898787151305001
27.033502	0.00523996947497249
27.808563	0.00400264633274999
28.76243	-0.001408136458315
29.835273	0.0150718220816075
30.659761	-0.0023371427402
31.545242	0.0105548481513383
32.370769	-0.00633604898530001
33.4079995	0.016228569069575
34.3874925	-0.0137369198159
35.3177265	0.015531817569225
36.082684	0.02465424200185
37.034987	0.0136808857425
38.0376945	0.01007069075465
38.7814655	-0.00151888034900002
39.6401	0.00727825052300002
40.680775	0.017603095545325
41.56658	0.013085968809625
42.443325	0.014578078656375
43.347682	0.00566847869850001
44.2572195	0.00825279346252504
45.2096525	0.009345907485905
46.1634225	0.015386854202945
47.033938	0.0135062197082
47.942619	0.00880059948249995
49.070227	-0.00551794328299998
49.856864	0.00461475254599997
50.726046	0.00953150704190001
51.590855	0.01303565433295
52.6040605	-0.0014973023324
53.4970935	-0.000733555265075014
54.3187345	0.00555339376751753
55.3763835	0.01718659243
56.15582	0.019099235723
57.254387	0.00959158943665001
58.0375725	0.00967085774000001
58.884071	0.0088571310515
59.892265	0.00544204492399999
60.745134	-0.00233546432750002
61.7395715	0.00676780591792499
62.49754	0.00189164159687
63.4364385	0.01523318938075
64.590598	0.00317324344256251
65.4640705	0.0171681863278
66.127371	0.0219284183161
67.0746855	0.0204798937706
68.1943435	6.83314348750089e-05
68.9114015	-0.0184207834615
69.789256	-0.0115091281874
70.771569	0.01168960037305
71.711433	0.0393329269346
72.755595	0.007496507747
73.7209965	-0.035664780804225
74.286143	0.0151021442415
75.390852	0.006763297784475
76.322007	0.0317395846301
76.924766	0.0465220001207
77.859093	-0.01892898890275
78.979971	0.0116202342951
80.1265745	0.0410364040033775
81.0748235	-0.0351845128123
81.763694	0.011961863511
82.6152855	-0.016521138202725
83.698977	0.0371481940375
84.497117	-0.009597086661675
85.114138	-0.0344343276427935
86.584391	0.1684326360372
NA	NA
88.670106	0.0393185847183
88.908564	-0.1613052830035
NA	NA
91.423319	0.0530649921238
