"Genetic_distance"	"Correlation_increase"
0.811245	0.0177640319701
2.560807	0.01452899958825
4.4257425	0.015055400207
6.261122	0.0166621963095
7.996292	0.02042230808225
9.7832375	0.01735158971255
11.6047805	0.02300406552915
13.347495	0.01473326890651
15.1925565	0.019787976899475
16.928055	0.01469336067835
18.629407	0.01434269223705
20.533486	0.015474160102075
22.3591685	0.01580870440215
24.1241865	0.021607268826575
25.832211	0.0190716676273
27.6306295	0.0148725284335
29.497254	0.020061452957
31.254569	0.017616887603825
33.043769	0.02331041830785
34.7870285	0.01822206833653
36.549889	0.01197673100485
38.359622	0.0124281692058925
40.184062	0.01363931833445
41.946269	0.014083519708225
43.814777	0.01358278309795
45.54628	0.0075953667125
47.2907255	0.016353100487875
49.131771	0.015570584749325
50.8906805	0.0152543092949025
52.773838	0.02189845877395
54.414579	0.012347305881
56.215175	0.00771362082152501
58.002192	0.01378715678185
59.860737	0.02016005355205
61.511369	0.00865796616764999
63.404928	0.013862285482775
65.153562	0.0173323654025
66.930005	0.0081190971848
68.754785	0.00695724011650001
70.6400665	0.014962873400675
72.401463	0.0144649560837
74.14187	0.00495353122
75.930113	0.01206010482983
77.675611	0.01173379103475
79.394647	0.01339354768025
81.2315245	0.0202150402415
83.058314	0.01770412087
84.755228	0.00932302375599997
86.6469475	0.020830755405875
88.458407	0.00731228747605001
90.19357	0.0144312867455
91.988173	0.008759215484875
93.802496	0.017583713601
95.600597	0.00626022795082498
97.365886	0.00875647394555
99.208308	0.011434906367131
100.873107	0.01005323274775
102.564012	0.019025177867775
104.40072	0.0127217855024
106.2237635	0.0169346177419
108.01205	0.00734286721882502
109.763517	0.010488953559
111.6333845	0.0207745071885
113.558005	0.01022509560975
115.253312	0.005144503274725
117.040804	0.010536497661
118.6922295	0.0152297591607327
120.590697	0.00818717463675003
122.314894	0.0109550196065
124.0901175	0.008023616264565
125.845976	0.00938829827064998
127.659297	0.00535178308795001
129.562685	0.01451103631925
131.174266	0.004405360359755
132.989345	0.015764384801475
134.760599	0.012089665417
136.656803	0.01653088704745
138.385928	0.00841475568547501
140.066414	0.00928651864048
142.0025435	0.0016310812983
143.7584215	0.016915065231
145.496678	0.00145110818549998
147.30765	0.0074863271244
149.166581	0.011267205764
150.896612	0.0138638709672
152.581736	0.00601831431799998
154.48657	0.00893821269219999
156.1094625	0.018638257641025
158.149796	0.0076392570122
159.833993	0.00481028696586999
161.4923635	0.000869606984207492
163.104312	-0.000440470994844996
165.250927	0.00615852352155001
167.306484	-0.0024255372894
168.6500965	0.00346523267099999
170.086755	0.00697541135640001
172.1583485	0.0518938229135
174.197414	-0.0244182813365
176.019173	0.011281227002
177.5381285	0.00792549045654999
