"Genetic_distance"	"Correlation_increase"
0.32654	0.0101681998934999
1.1811825	0.00730055642870001
2.0315735	0.0108272374530775
2.800187	0.00853074678250004
3.60435	0.0220212436379
4.4467825	-0.003490688091725
5.173303	0.00636422400100001
5.998475	0.00575774393025
6.763814	0.01174230075405
7.631888	0.006221513713275
8.461973	0.00168252851549999
9.260638	0.0149181848032
10.0479515	0.03156564045475
10.84126	0.00699208638342499
11.750922	0.00316029807150003
12.467446	0.016159438214975
13.2678455	0.025342408317875
14.0887895	0.00247728224817499
14.893645	-0.002154664711325
15.721037	0.00322588948525
16.4901885	0.011332271822075
17.2502285	0.0068092458213775
18.1198745	0.019258305763885
18.7933945	0.01188700670801
19.688227	0.02235152764745
20.4477685	0.01103454828535
21.279875	0.011396344039855
22.1098685	0.00975088221345002
22.78564	-0.0020330993655
23.682348	-0.000573884500500013
24.50521	0.01667620421165
25.189437	-0.000888753552375013
26.0575585	-0.00299515225349999
26.9399115	0.01445877877525
27.741695	0.00879203913200001
28.476061	0.02394718772865
29.318944	0.021454021986865
30.111284	0.009492856576435
30.9191585	0.002581798497475
31.7921	0.01560093380969
32.583319	0.001701723718735
33.318955	0.0120432314045
34.176855	0.021619578653
34.873892	-0.00987205192420001
35.720976	0.0201900056975
36.639355	0.03041897476835
37.3482545	0.0145348460200975
38.207573	0.050062038939
38.9750835	0.009642026970025
39.8407965	0.01098681728165
40.4142665	0.01606763397775
41.2483185	0.01354097030325
42.176798	-0.00735666530409501
42.994573	0.0068714808875
43.652923	-0.0074698768075
44.5528	0.01807257658365
45.3464495	0.03081816703875
46.114725	-0.000925605537249991
46.9586745	0.00135831661950002
47.875846	-0.01244820362113
48.603813	0.008012433749675
49.386557	0.025506994872
50.312218	0.00334787973200001
50.9405485	0.00876111528906499
51.756164	-0.015337645005875
52.606339	-0.01998614813595
53.562436	0.0112679442942
54.1818555	0.042497549478025
55.15736	0.0199648414639
55.865734	0.0179307577185
56.665169	0.02350614061805
57.418292	0.0138893440998
58.1849025	0.04651356658615
59.161564	-0.00921462407430002
59.9245095	0.04645012474375
60.6547365	0.019706761717525
61.53515	0.0123968396235
62.182566	-0.0116127251733
63.073574	-0.0208772823865
63.8805185	-0.014481921751225
64.761409	0.000922943541200004
65.53138	0.02411709093403
66.140453	-0.00967245058949995
67.042232	0.01226941983545
68.016892	0.01393161491
68.6000895	0.0187074104736
69.433356	0.054836612692325
70.268259	0.0321467775239
70.975878	-0.0143844438295
71.919441	-0.014971555263
72.516916	0.0212744872815
73.398137	0.0111989495265
74.168853	0.032786715698
74.92791	0.001731518869875
75.831203	0.02347430478
76.337479	0.1572511776755
77.5844685	0.07586822625249
78.443459	0.00110240620799999
79.273501	-0.058327293417325
80.050704	0.0631967471205
