"Genetic_distance"	"Correlation_increase"
0.5063345	0.064772840060225
1.7893555	0.05916345378245
3.0777645	0.0414357366225
4.4576985	0.0604948184689
5.5288385	0.06147606505125
6.868674	0.0484339292315
8.146563	0.0487029550302
9.483193	0.0490483532170001
10.546991	0.05381611603215
11.852292	0.0344568816931158
13.049156	0.049809208824
14.3467025	0.061833715649025
15.5989155	0.054241410873475
16.9144375	0.0379052781995
18.135416	0.0521502460165
19.239783	0.0530265641745
20.544217	0.051710886341875
21.782619	0.04640202693711
23.1478235	0.0464704725186
24.2623	0.055401847863355
25.627737	0.0537182990848
26.824436	0.043984629549
28.158209	0.05675802673895
29.2686515	0.043463264519625
30.586419	0.05198953813235
31.7775	0.047934977999
33.023931	0.05427243816635
34.319962	0.052394729855175
35.70706	0.054857225997725
36.866849	0.046392629307
38.053355	0.064347284709475
39.2630785	0.0654296601771611
40.5177145	0.06259628517545
41.717409	0.047595877345
43.000368	0.05590328640765
44.28718	0.050215919232865
45.66755	0.0627102894393475
46.852466	0.0613752300858
48.020364	0.0629347505802
49.2386665	0.05172691011525
50.434737	0.038550540199
51.704035	0.04600642536125
52.9555035	0.043130205521075
54.241485	0.0425969430914
55.450105	0.03848029497025
56.757811	0.043050394622
57.958848	0.0463198000398
59.291511	0.046654973750615
60.4759815	0.053603359383755
61.6322195	0.06031084577995
63.032048	0.0421849017835
64.4269705	0.0620446249675
65.4746025	0.04488741381845
66.767395	0.05090821312
67.9668115	0.07438608331645
69.297682	0.06651280196735
70.5078915	0.060233402987275
71.812205	0.067010089109925
73.125354	0.05760266822805
73.989404	0.06152363846865
75.53769	0.04297392024
76.803655	0.06874111580855
77.927863	0.06406877152235
79.04251	0.06817816282005
80.481082	0.062890980471525
81.945036	0.057388108515975
83.167829	0.0415176037375
84.420714	0.048901732932
85.66052	0.07704863066
86.7819085	0.0580314176005
87.838146	0.029067430709
89.044755	0.063429087932
90.2838665	0.00381694102739499
91.432068	0.038529356088875
92.862549	0.03714443050392
94.114744	0.041431468827
95.606483	0.0563262432780001
96.869704	0.074139527599
97.8943815	0.029393737480275
99.046311	0.049202550725
100.4027475	0.043219373144775
101.7971305	0.00945451959947499
102.883032	0.05637946485575
103.9934895	0.070551060678675
105.247787	0.08856408374585
106.877614	0.05757184654855
107.770804	0.07293978659825
109.2115725	0.0805499354385
110.029583	0.02836729818835
111.4642445	0.0661555770721
112.808966	0.051130253099
114.109352	0.083939754031
115.310932	0.0698758248025
116.6807115	0.0984602588849
117.718997	0.109523383978825
119.3921295	0.04852092194855
120.499161	0.0421067417452
121.023895	-0.0386787723895
123.057722	0.09310360014595
124.145277	0.04790389722385
