"Genetic_distance"	"Correlation_increase"
0.490093	0.03479201899935
1.7254475	0.0252712396601
2.8746255	0.0120685172111
3.992587	0.0190329908545
5.177197	0.024217875702075
6.292619	0.0127017704087
7.484771	0.02072540594853
8.710151	0.0249613426146644
9.9293485	0.022212658477
11.090918	0.01528431451675
12.2430915	0.024691775639775
13.302057	0.01699195316935
14.512653	0.02304569382802
15.644019	0.0302346972985
16.6964065	0.00964451858657499
17.9657445	0.01627844721205
18.987497	0.0225642681439
20.3351295	0.0261932331268975
21.481835	0.020155973264
22.6047815	0.010958359568535
23.9125775	0.00504840352612501
24.93445	0.0138420972695
26.1461975	-0.0064014342561125
27.141384	0.0225119893743
28.429156	0.0298061093287
29.720954	0.0126253755806525
30.6057175	0.00820272662880001
31.960758	0.014563459271145
33.082809	0.0138390031839
34.374473	0.035474739586
35.455739	0.00361776532055
36.642815	0.00779440533327499
37.652078	0.0242383936113575
38.777526	0.0111656429249797
39.9768875	0.0183403180815
41.055158	0.015232875478512
42.35149	0.0114870407982875
43.5618125	0.000375354106107506
44.766946	0.023662928119275
45.7225275	0.0077356517893
47.046709	0.00634936176250001
48.151603	0.00738428683199999
49.178809	0.00509814712500001
50.445049	0.01602229741855
51.521317	0.02568371243445
52.805977	0.017642184107
53.787887	0.0256748267755
55.073228	0.015777998044
56.173231	0.02401130222175
57.423383	0.01707208756542
58.5281965	0.0363549187421875
59.7371295	0.03952288650405
60.912729	0.01599860453025
61.9334145	0.021049396326975
63.0885335	0.0293242098736668
64.2482625	0.020412174280125
65.376969	0.0215962143493
66.686905	0.00877496157330002
67.717713	0.00816223087502499
69.226198	0.0209544988079175
70.10682	-0.0088141673965
71.371837	0.0316211814816
72.368209	0.01303198573405
73.660567	0.02083360034705
74.93354	0.02328871156545
75.944382	-0.0099945871194
77.051009	0.0744456846925
78.3586315	0.01674171517568
79.363501	0.03016043341475
80.535049	0.0215156037405
81.9052975	0.02709548396525
82.8751945	0.024119271547185
84.199504	-0.000904192715500018
85.270373	0.016735136660545
86.1849105	0.0457326722347
87.632472	0.00399863871149
88.497745	0.026947530031975
89.8669735	-0.00216623100654999
90.9322885	0.018495790367925
92.146774	0.0307552239415
93.426461	0.00232974358375002
94.415499	0.032402582503925
95.763598	0.010941453496
96.954516	0.0128673011372
98.168365	0.0444903898982
99.026519	0.00643033530485
100.3567075	0.03035251775245
101.398961	-0.0240957027385
102.60746	0.0420928267688
103.774087	0.00624568742349996
104.8375585	0.040819249488795
106.025208	0.03609943567835
107.01397	0.00557632921940002
108.2473145	0.012390551373475
109.508325	0.0764944969055
110.622162	0.047961182115425
111.788789	0.011380414937
112.837415	0.03219151073575
113.682562	0.113554881098924
115.870934	0.0712716514245
