"Genetic_distance"	"Correlation_increase"
0.4694675	0.0150509318096
1.7034585	0.0209550139713
2.822027	0.0169507871385
4.020562	0.007479131001925
5.129405	0.010534352786
6.20218	0.0107395347085
7.378171	0.0212047749543
8.48644	0.0135195489605
9.82728	0.017567386727075
10.849326	0.017628214895
11.876577	0.028092090417075
13.036162	0.004455427979
14.330987	0.0238253485375
15.400389	0.0048386521289
16.497653	0.03237077601639
17.6973185	0.00924862307266249
18.836966	0.00969572224767499
19.9386465	0.018309963497275
21.146669	0.000963420153499983
22.296738	0.011795739285625
23.364685	-0.00785905022381533
24.578622	0.0116690675009
25.727858	0.015045181902525
26.915314	0.0199788138914
28.029505	0.00145457744045
29.138402	0.016499017863
30.360272	0.0127840070325
31.534647	0.00790055507467501
32.593044	0.018171387463
33.8378955	0.01190200346515
34.942609	0.0118058273978
36.117775	0.00565849589245001
37.279061	0.00956640794659999
38.356677	0.019496072692925
39.621167	0.016001954589425
40.666324	0.0124309051392225
41.718403	0.00449126729435001
43.08425	0.00892433157360001
44.042298	0.00629377447350002
45.265973	-0.00350874871500001
46.405454	0.020025127407025
47.570672	0.00839077170160001
48.618691	0.01277775103245
49.851293	-0.00281288574434999
51.0198755	-0.01491645338105
52.053494	0.0262010413561
53.421798	0.01601616497135
54.241789	-0.00951261579264999
55.610001	-0.00711720138115
56.664131	0.0263236262559
57.793081	0.0162194471391
58.9005875	0.01653229794225
60.1133895	0.018042418926425
61.3719765	0.014997918623525
62.4018515	0.0114835562069
63.590718	0.00505818207850001
64.638016	0.0360528501067
65.966683	0.012458287021
67.0714335	-0.005557957011075
68.133694	0.0018466860345
69.111516	-0.00266373160369749
70.409095	-0.0145096491991
71.522507	0.0195402025949248
72.6464535	0.0206671274512975
73.896206	0.01570835918172
74.951426	0.00623348121275
76.1675145	0.02711856350935
77.2877325	0.00647667277278
78.6490365	0.00100231195874999
79.6508235	0.00181292465026751
80.694144	0.011733448853588
81.775649	-0.00626170856005001
82.998334	-0.00196443821605
84.1435515	0.018343889789
85.301454	0.009837472668
86.534995	-0.00427619413416501
87.6541435	0.00612563915230026
88.784286	0.009410718465
89.880979	0.0266165048385
91.322551	0.0164754002740175
91.8785165	0.01170431967725
93.439138	0.00316575093999999
94.518808	0.01151961752025
95.588376	0.0175564523425
96.7369765	0.022523804152075
97.63411	-0.016984071518575
99.308177	-0.01621748995465
100.1667655	-0.018227594447315
101.536771	-0.012371353900815
102.474725	0.03120055432832
103.7131025	0.00688337480997501
104.495505	0.012253581878
105.890424	-0.05454923761045
107.375405	0.0557903698499
108.09197	0.00350206381595
109.427886	-0.0076453120015
NA	NA
NA	NA
113.03333	-0.042911137603075
114.49432	0.08057910076045
