"TSS_distance"	"CI"
0.7874625	0.0361618577341
2.774044	0.0303859731354
4.658464	0.0293484479227
6.540015	0.0247468182558
8.422843	0.025592958026
10.2462	0.02773969606225
12.158616	0.0314371556133
14.0749575	0.0264088825656
15.844556	0.01978161492775
17.774951	0.0302030938499
19.630649	0.0222533060297
21.495499	0.0169221252244
23.364662	0.02788536158275
25.2398455	0.00846013559395
27.108462	0.0167001913538
28.9732	0.0226915562572
30.848296	0.0185186657457
32.73303	0.0134321737616
34.620237	0.0245456815198
36.484648	0.0253010496369
38.3432795	0.0165447227205
40.203668	0.0207517211305
42.065385	0.017728228593
43.9175075	0.01458924455565
45.810982	0.0219605132627
47.6825785	0.02844977871005
49.563277	0.0193261922322
51.410011	0.0238645656859
53.320453	0.01962333608575
55.173225	0.0245077127551
57.0322145	0.017685573041
58.886924	0.0167369474006
60.766576	0.0236374638026
62.684855	0.0289596938688
64.544035	0.0308530136255
66.378279	0.019301166332
68.272004	0.0316865221914
70.172465	0.0259273327353
71.978751	0.0188743649522
73.822764	0.0258159780717
75.714059	0.0194519733782
77.59313	0.02078051539105
79.545706	0.0236984015732
81.3131225	0.0186525988875
83.236135	0.007607596385
85.065662	0.0117959573783
86.96745	0.0179064017403
88.833991	0.0291198055888
90.7541525	0.02720725635615
92.59883	0.0172813164805
94.4070935	0.0191305188015
96.314807	0.0138314158238
98.175289	0.018834550211
100.070583	0.0181200314123
101.919478	0.0152215016776
103.775547	0.0210049557285
105.697881	0.02780938286985
107.473989	0.0115858832096
109.45354	0.0234678215536
111.3487815	0.0057976676111
113.18476	0.02036665954095
115.040598	0.0109726503416
116.880637	0.02022266883525
118.74752	0.0137468279277
120.626128	0.0228671955947
122.480465	0.0275069233051
124.3989335	0.01830518718085
126.243507	0.0107401762957
128.060508	0.0138464676006
130.031489	0.0174691673207
131.903824	0.01469106655895
133.7362885	0.0135226182949
135.68493	0.000347667146549999
137.486202	0.0119211192207
139.353069	0.0167779503975
141.213341	0.0366054083651
143.0518675	0.0234017482904
145.060381	0.0189644178651
146.887683	0.0264031259211
148.651744	0.0155712123525
150.6590125	0.02265429029635
152.3427	0.0180225780431
154.305116	0.0314760200077
156.071972	0.0599529652291
157.954817	0.0309096326641
159.977243	-0.0249206961542
161.749616	0.0050412191037
163.521376	0.0029692007616
165.4310175	0.03681254969775
167.357744	0.0411371226581
169.189349	0.0111336506564
170.9349685	0.0604499242654
173.0168255	0.01107820282835
175.052627	-0.01873317951859
176.65572	0.05914572919465
178.21293	-0.00928985809345
180.418378	0.0494144110287
181.9092255	0.07353535892595
184.617301	-0.1589785346295
186.505572	-0.02809785482985
