"TSS_distance"	"CI"
0.7874625	0.0419724621135
2.774044	0.028202485035
4.658464	0.023023759347
6.540015	0.021625502818
8.422843	0.025194866125
10.2462	0.025944794608
12.158616	0.028526823127
14.0749575	0.02702143183
15.844556	0.0201702524805
17.774951	0.025843883502
19.630649	0.025343354498
21.495676	0.016832910771
23.364639	0.020885222084
25.2398455	0.009845010133
27.108472	0.017006481599
28.973244	0.020546543206
30.848296	0.015649861704
32.73303	0.012325004436
34.620237	0.020442968771
36.484648	0.022608605632
38.34322	0.013372044815
40.203668	0.022287308969
42.065385	0.018769052304
43.918121	0.00854880562400001
45.811044	0.0196581967825
47.6825785	0.0216920766445
49.563277	0.018336164958
51.410011	0.017574294191
53.320453	0.0155738795775
55.173225	0.02354915976
57.0322145	0.0168188897435
58.886924	0.019349452418
60.766576	0.022188741119
62.684855	0.02344981375
64.544035	0.031388018533
66.378279	0.023055269245
68.272004	0.023266504696
70.172465	0.022268149748
71.978751	0.01032234557
73.822764	0.017075522706
75.7140645	0.0071516740645
77.59313	0.026356716193
79.545706	0.023113360021
81.3131225	0.018880974559
83.236529	0.010127868623
85.065662	0.0155715975035
86.96745	0.014203456702
88.833991	0.014264318012
90.7541525	0.0202032503135
92.59883	0.012710601945
94.4070935	0.00952373575900001
96.314807	0.015572267841
98.175289	0.018884496307
100.0706845	0.0143883434865
101.919478	0.01357369804
103.775547	0.020775239704
105.697881	0.01927484274
107.473989	0.015243789913
109.45354	0.011724548003
111.3487815	0.006959273795
113.18476	0.018263895702
115.040598	0.011376117677
116.880637	0.012300325726
118.74752	0.013953067927
120.626128	0.0237030592075
122.480465	0.0179066893
124.3989335	0.020215201901
126.243507	0.013480031985
128.060508	0.00374928830599999
130.031489	0.019653468644
131.903824	0.0011856044935
133.7362885	0.015625517305
135.68493	-0.018234068093
137.486202	0.004760019152
139.353069	0.009158998439
141.213341	0.025129161932
143.0518675	0.000879935708499993
145.060381	0.00859146810700001
146.887683	0.025451772786
148.651744	0.014962571768
150.6590125	0.018162575774
152.3427	-0.023591384846
154.305116	0.039746328631
156.071972	0.065743590316
157.954817	0.043184055162
159.977243	-0.064693996403
161.749616	-0.017693841096
163.521376	0.014907597378
165.4310175	0.0452685035715
167.357744	0.08029631289
169.189349	0.074576777196
170.9349685	0.05139983362
173.0168255	0.0667713990945
175.052627	-0.047182189173
176.65572	0.016442659749
178.21293	-0.0852860447046
180.418378	0.087137682517
181.9092255	-0.019341647031
184.617301	-0.1096689537912
186.505572	-0.10311064973405
