"Genetic_distance"	"Correlation_increase"
0.398804	0.018300241406
1.543867	0.017848321744
2.838896	0.00814079037250001
3.8036845	0.01389907765835
4.973048	0.0176538657239
6.296911	0.01833083041385
7.450636	0.0154014297915
8.496679	0.019111096286
9.8447315	0.012719926142005
10.8257135	0.015962699233575
12.137718	0.00758755499150002
13.159014	0.002920095259025
14.184062	0.013317281709
15.406631	0.01765227127725
16.4876195	0.0240635707065
17.722865	0.023612570566
18.8393335	0.0152860198612
20.067393	0.0146933807342
21.113517	0.02316353486
22.375367	0.02785454437075
23.487303	0.01743356543085
24.537407	0.0130584966483
25.670882	0.0087309045876
26.721713	0.02184741940215
27.981862	0.0282188778725
29.0128445	0.020092665116175
30.127472	0.0152523673765
31.357865	0.02282243728495
32.5760175	0.02105512015325
33.760705	0.02168381841583
34.870758	0.010012057102425
36.007857	0.0076287139291
37.234568	0.01040413740965
38.4599545	0.0268104895776
39.328686	0.0179103420389475
40.5397315	0.006438394179125
41.7408125	0.015786797937475
42.8266155	0.01345485580075
43.938545	0.0251337971288
45.091753	0.0099615453537
46.266663	0.026317268724445
47.487516	0.02430229903313
48.640711	0.022180444182
49.6648205	0.02228628181605
50.925267	0.01392639597945
52.081371	0.012682610894825
53.05276	0.013942229133105
54.261914	0.0175241926845
55.264144	0.01498436269125
56.415162	-0.00758087597437502
57.741582	0.004693909121586
58.8458055	-0.0086939487196
59.8755445	0.073450888446575
61.2532265	0.00804615022575001
62.438759	0.0234344428472775
63.277118	0.01531201014803
64.518645	0.025603983561
65.58537	0.02614901100045
66.742318	0.014177482307
67.920701	0.013473263937525
69.145248	0.01896257467355
70.363868	0.00691804082049996
71.32152	0.00737380226000001
72.4864505	0.020449794050105
73.59549	0.00755468310900004
74.847957	0.037016090648475
75.960918	0.00611332264000003
77.2410935	-0.00313922206629999
78.566003	-0.00306636774204999
79.5815505	-0.0031038832805675
80.773136	0.021999237501375
81.3614415	0.0390857918999125
82.6863515	-0.0150081741313225
84.046784	0.00194607012985
84.938919	0.034689321992
86.493918	0.0190527586077525
87.482767	0.020529030335
88.420547	0.0034822843731
89.78375	-0.0118351186475
90.883513	0.0403589360656625
92.128701	0.0199487306555001
93.555754	0.0443048706665
94.365317	0.03340261643065
95.25043	0.026885020038875
96.488453	0.0179709374568875
97.7437135	0.0309043454753175
98.5631075	0.0033716826555
100.105767	0.00948574240550004
101.175579	0.03150456311256
102.004278	0.06279082147599
103.721431	0.0734433581342
NA	NA
NA	NA
NA	NA
NA	NA
108.836007	-0.011840991305
110.533227	0.00690689758635002
111.107357	0.04973272356738
112.812981	0.0173238558284999
113.934046	-0.0090359964325
