"burned_in_vector"	"sampled_linked_Mouse"
12	18
20	15
10	16
21	12
12	14
14	11
7	9
13	15
13	10
9	21
12	28
14	16
12	13
9	14
17	14
18	10
18	10
9	10
16	25
15	18
7	18
9	15
15	11
14	11
15	10
17	12
19	14
14	11
15	14
11	12
8	10
12	13
11	16
13	11
13	13
12	16
16	11
10	17
27	9
6	8
16	13
8	12
11	4
13	13
19	12
14	17
17	19
12	14
12	13
8	15
13	20
17	14
13	14
14	17
19	16
15	19
19	11
16	15
12	12
8	8
19	14
16	13
21	10
12	11
17	13
18	16
13	20
13	9
14	14
8	17
19	11
16	10
14	14
10	13
8	12
10	15
16	11
10	13
15	11
18	8
14	10
17	12
6	11
13	11
15	12
10	12
14	18
12	13
16	13
15	14
17	19
15	18
15	17
12	22
15	13
13	23
13	6
12	14
5	11
13	13
8	15
14	18
13	12
16	14
15	12
18	9
12	14
19	12
13	12
17	14
16	11
17	13
14	17
13	20
7	6
16	12
17	11
10	14
10	13
13	10
8	11
15	13
12	16
15	11
14	12
15	12
14	12
21	14
17	9
16	11
20	19
16	12
15	12
13	19
15	11
16	17
17	11
11	15
14	10
7	10
14	18
16	11
14	8
14	9
13	19
16	11
17	13
8	16
10	17
14	15
9	19
19	17
9	7
20	12
18	12
14	16
13	12
10	18
12	14
16	21
16	12
21	12
10	12
12	14
12	23
19	13
11	15
11	13
17	14
11	17
20	17
13	13
11	9
12	15
22	18
14	19
12	12
16	10
13	14
14	12
18	13
11	21
13	9
13	16
15	22
12	14
13	13
12	11
14	15
12	11
13	17
11	9
16	20
11	21
6	16
22	14
10	13
12	15
13	17
11	13
12	17
18	8
13	12
9	13
13	9
9	12
15	9
9	12
13	15
12	12
13	12
11	9
11	10
13	17
10	16
14	13
14	15
14	14
16	14
17	13
20	12
12	10
13	23
17	6
13	11
9	14
13	17
13	21
20	14
12	11
16	12
8	6
21	12
10	12
15	18
13	16
20	11
10	20
18	17
10	12
10	14
10	10
10	10
16	12
17	14
11	14
11	20
12	12
11	14
10	15
7	15
14	10
6	10
9	15
14	12
14	12
14	13
15	21
14	15
12	8
14	14
6	14
14	13
12	19
21	10
17	7
12	12
15	14
12	8
19	12
17	12
9	10
13	20
13	20
13	10
12	14
16	13
15	16
10	12
17	19
14	15
13	10
18	16
9	16
18	17
18	20
17	14
13	15
9	11
9	9
16	13
12	15
12	8
13	16
6	11
21	13
14	12
7	11
13	17
19	12
22	7
17	19
16	15
15	12
9	15
13	15
12	11
15	13
13	15
14	9
13	23
17	13
12	14
14	17
12	9
14	11
14	15
20	17
9	15
12	11
15	15
17	9
19	10
9	12
9	12
9	7
12	15
17	17
10	15
11	15
12	14
13	16
16	12
15	13
15	10
12	17
9	11
14	15
12	12
14	14
12	9
9	12
9	11
13	15
19	20
11	8
16	13
15	20
11	16
20	12
10	10
10	9
13	13
8	15
13	13
13	16
12	10
10	11
18	17
18	16
17	15
15	15
14	7
10	11
13	15
9	13
14	12
10	13
7	13
13	16
6	10
15	15
9	14
13	12
10	17
11	9
14	21
15	21
19	11
15	12
14	14
14	11
19	20
15	22
21	18
17	12
15	15
8	13
15	10
11	12
12	17
13	8
12	14
12	20
7	20
16	9
16	10
12	16
20	13
16	13
14	16
14	15
19	14
17	5
17	9
13	16
10	16
12	14
15	10
13	10
14	11
14	11
15	13
16	5
15	17
9	15
15	12
15	15
7	8
11	8
10	10
18	8
15	15
17	14
10	14
17	11
13	13
14	14
17	12
18	11
11	23
19	13
17	20
21	17
8	17
12	13
12	12
10	10
18	15
10	13
12	13
16	11
12	8
11	8
20	20
13	14
14	9
13	9
10	25
13	15
14	11
13	18
15	10
14	14
18	15
11	12
15	14
15	13
8	10
14	11
18	14
19	18
15	13
12	14
9	16
16	18
15	11
15	12
17	17
7	22
16	15
15	9
13	15
18	10
23	8
12	16
16	16
13	10
15	14
13	8
7	18
12	13
14	7
12	21
11	17
14	22
15	13
11	11
14	9
11	18
10	15
21	14
25	13
9	15
14	13
18	16
17	13
10	13
9	15
6	18
9	13
16	12
22	18
17	10
16	16
9	16
14	10
12	14
12	15
12	13
19	8
13	6
12	17
18	16
20	9
14	16
14	12
13	7
14	5
19	14
14	12
22	13
7	9
22	11
8	19
10	9
8	11
15	11
12	15
8	12
9	12
10	13
14	16
15	17
12	15
12	18
12	14
9	15
16	18
10	9
17	10
18	18
16	9
13	16
11	15
11	15
12	12
10	15
15	12
15	22
9	10
12	19
8	7
14	10
8	9
10	17
22	10
11	14
15	11
17	16
9	7
12	8
13	15
11	17
13	14
10	9
15	12
20	11
14	15
16	14
15	16
17	14
12	14
12	12
11	12
9	11
11	16
13	9
16	10
13	11
14	17
15	15
13	12
14	14
10	7
11	15
19	13
11	13
13	10
17	13
16	17
15	12
11	11
12	13
16	13
16	18
14	9
15	16
11	13
8	9
7	19
14	12
12	18
15	12
18	13
9	10
22	16
14	13
10	20
15	21
11	12
12	12
16	18
10	14
17	12
15	24
14	9
11	11
18	15
15	20
13	10
11	11
15	15
20	17
14	12
19	14
12	9
12	12
13	10
16	13
12	9
14	16
9	20
16	11
11	12
19	19
15	14
14	20
11	11
11	19
16	13
18	14
16	8
11	26
11	11
11	12
14	16
10	13
13	12
13	19
13	11
14	13
11	11
15	13
11	8
16	10
9	11
15	13
9	15
12	8
10	10
15	13
12	13
14	10
13	14
11	12
11	16
19	9
21	16
10	13
10	10
9	12
12	18
16	22
13	21
13	12
10	11
20	18
22	11
13	13
18	18
12	20
12	2
9	16
9	11
11	17
10	10
16	10
17	17
6	12
19	12
12	13
14	13
14	9
9	15
17	11
12	11
16	13
11	17
10	9
16	13
17	13
16	15
15	12
15	16
14	14
15	9
11	14
14	18
12	12
14	21
13	12
11	21
15	12
20	7
13	23
16	7
12	18
11	17
17	10
4	10
13	16
13	22
14	13
8	11
8	18
12	11
17	16
15	18
14	10
15	15
23	10
15	14
13	18
17	11
8	4
19	21
10	15
15	22
13	17
14	14
11	9
11	16
12	24
13	17
17	15
17	20
8	15
11	11
15	13
13	14
17	20
18	11
15	7
16	15
9	14
11	18
15	14
19	15
11	8
13	18
16	8
12	9
14	15
10	13
20	14
11	11
15	16
16	11
14	11
12	14
13	17
18	14
14	11
14	14
15	17
16	16
12	22
12	14
11	20
17	18
17	13
12	11
13	11
14	14
16	9
12	13
16	21
15	9
12	12
11	10
12	12
13	8
13	10
14	18
14	14
15	10
11	18
17	9
12	13
15	15
10	12
17	10
19	10
14	8
13	8
11	19
11	8
17	10
15	16
7	18
20	11
10	10
13	13
14	12
14	14
17	19
8	17
14	11
15	8
11	16
11	18
9	12
12	15
9	16
13	14
15	15
9	13
11	19
18	14
7	18
16	13
5	9
18	16
18	12
13	12
16	13
11	17
15	10
10	9
15	18
19	12
16	13
13	11
16	13
17	12
11	16
13	14
10	15
8	13
17	13
16	20
9	9
14	14
15	9
11	13
10	10
13	13
9	11
19	11
10	9
10	15
13	11
15	12
16	12
16	17
10	17
16	11
18	13
17	10
17	13
14	11
12	10
19	14
13	6
14	13
17	13
11	14
13	18
17	19
12	13
14	12
14	18
11	13
12	16
13	18
14	16
16	6
13	12
19	18
11	20
10	12
14	9
12	12
15	11
19	15
10	9
13	15
10	12
14	15
13	16
5	14
19	13
17	13
12	13
13	16
16	8
11	15
12	17
12	11
7	18
19	17
11	10
6	12
11	19
13	12
12	10
24	12
14	14
12	14
13	17
15	19
17	8
15	11
12	10
15	12
11	13
13	8
18	10
13	17
15	13
11	13
12	13
20	22
7	14
12	17
13	12
11	15
14	20
14	15
22	11
10	9
16	12
8	16
14	14
14	8
12	13
12	15
16	17
16	11
10	10
13	8
15	13
11	18
13	5
12	13
10	12
15	12
10	14
14	8
12	17
9	15
14	13
13	15
10	15
6	8
9	16
10	12
14	15
9	19
4	19
12	12
21	9
7	10
13	19
14	12
15	13
10	14
13	20
6	19
15	17
11	13
15	13
9	13
10	14
20	12
13	19
7	19
11	17
9	17
10	20
12	16
14	10
21	18
11	10
16	13
14	10
8	14
14	11
14	14
